3.5
52.0
3.5
52.0
0.0
3.5
52.0
20.5
11.15
5.5
496.5
0.0
3.0
0.0
0.0
2.5
0.0
3.0
0.0
0.0
6.5
52.0
4.0
2.5
0.0
0.0
2.5
2.5
2.5
3.5
2.5
0.0
0.0
2.5
2.5
2.5
2.5
4.5
2.5
0.0
2.5
2.5
0.0
0.0
2.5
2.5
11.0
2.5
2.5
2.5
2.5
2.5
2.5
2.5
2.5
2.5
0.0
5.5
2.5
5.5
0.0
0.0
0.0
0.0
0.0
2.5
2.5
2.5
0.0
0.0
2.5
-3.5
3.5
3.5
4.0
4.5
4.0
2.5
4.0
3.0
4.5
0.0
0.0
3.0
2.5
2.5
4.0
2.5
0.0
3.0
3.0
2.5
2.5
5.0
0.0
4.5
4.5
2.5
4.0
4.0
2.5
0.0
3.0
2.5
2.5
0.0
0.0
0.0
2.5
2.5
2.5
2.5
4.5
0.0
2.5
-2.5
2.5
2.5
3.5
0.0
0.0
2.5
4.0
2.5
2.5
2.5
2.5
2.5
5.0
2.5
2.5
0.0
0.0
0.0
5.5
5.0
0.0
3.0
0.05
2.5
2.5
0.0
2.5
2.5
2.5
2.5
0.0
0.0
0.0
0.0
0.0
-2.5
2.5
0.0
2.5
3.5
4.0
0.0
4.5
0.0
2.5
4.0
4.0
4.0
2.5
2.5
2.5
6.0
5.0
5.0
3.0
2.5
2.5
0.0
0.0
2.5
2.5
52.0
3.0
2.5
4.0
2.5
2.5
-2.5
2.5
2.5
7.0
0.0
2.5
4.0
3.5
3.0
2.5
3.0
-2.5
2.5
2.5
0.0
3.0
4.0
2.5
0.0
3.0
-2.5
2.5
3.5
4.5
2.5
5.0
4.0
2.5
2.5
5.5
4.5
5.0
0.0
3.0
3.0
4.0
0.0
0.05
-0.05
0.05
0.05
0.0
0.0
0.0
9.5
0.0
0.0
-2.5
2.5
0.0
0.0
3.0
3.0
2.5
0.0
0.0
0.0
2.5
2.5
4.0
4.0
0.0
0.0
2.5
2.5
3.0
3.5
0.0
2.5
4.5
4.5
4.0
4.0
-2.5
2.5
2.5
2.5
2.5
2.5
0.0
0.0
2.5
3.0
6.0
0.0
0.0
3.0
2.5
2.5
-3.0
3.0
2.5
0.0
0.0
0.0
2.5
2.5
-2.5
2.5
2.5
2.5
-3.0
3.0
2.5
3.5
2.5
5.0
3.0
3.0
2.5
2.5
2.5
2.5
3.5
0.0
0.0
2.5
52.0
-2.5
2.5
6.0
2.5
2.5
5.0
5.5
2.5
0.0
4.0
2.5
6.0
5.5
0.0
0.0
0.0
0.0
2.5
0.0
2.5
2.5
1.0
0.0
2.5
4.0
-2.5
2.5
0.0
0.0
0.0
4.0
0.0
5.0
0.0
3.5
3.0
4.5
3.0
3.5
2.5
0.0
4.5
0.0
0.0
2.5
3.0
2.5
0.0
0.0
2.5
2.5
2.5
2.5
2.5
2.5
2.5
0.0
0.0
-2.5
2.5
2.5
2.5
2.5
3.0
2.5
2.5
0.0
0.0
2.5
3.5
0.0
0.0
0.0
0.0
2.5
2.5
2.5
2.5
0.0
2.5
2.5
-2.5
2.5
4.5
0.0
0.0
-2.5
2.5
0.0
0.0
5.0
0.0
0.0
0.0
4.5
2.5
0.0
0.0
0.0
4.0
0.0
0.0
2.5
-4.0
4.0
0.0
5.0
3.5
0.0
8.0
4.0
2.5
0.0
0.0
0.0
2.5
3.0
-2.5
2.5
2.5
4.0
2.5
2.5
2.5
2.5
2.5
2.5
3.0
-2.5
2.5
0.0
0.0
2.5
0.0
4.0
4.0
0.0
2.5
4.0
4.5
4.0
4.5
0.0
2.5
2.5
2.5
5.0
-2.5
2.5
2.5
2.5
0.0
0.0
2.5
2.5
2.5
4.5
3.5
3.5
2.5
4.5
-2.5
2.5
13.0
2.5
0.0
2.5
3.0
2.5
2.5
2.5
2.5
-20.0
20.0
2.5
2.5
2.5
-2.5
2.5
2.5
2.5
3.0
3.0
3.0
3.0
2.5
2.5
0.0
4.0
3.0
0.0
0.0
0.0
3.0
3.0
2.5
3.0
-3.0
3.0
-3.0
3.0
0.0
0.0
2.5
3.0
3.0
2.5
3.0
2.5
2.5
-2.5
2.5
2.5
0.05
4.5
10.5
2.5
0.0
0.0
0.0
0.0
0.0
0.0
2.5
-2.5
2.5
5.0
0.0
2.5
0.0
-2.5
2.5
-2.5
2.5
4.0
4.0
0.0
0.0
0.0
0.0
2.5
0.0
0.0
8.0
4.5
0.0
0.0
0.0
4.0
3.5
4.0
10.0
3.5
3.5
3.5
2.5
2.5
2.5
-2.5
2.5
2.5
4.0
2.5
2.5
2.5
4.0
0.0
0.0
0.0
2.5
2.5
3.5
-4.0
4.0
2.5
3.0
3.0
24.0
0.0
0.0
0.0
2.5
2.5
-3.0
3.0
-2.5
2.5
2.5
0.0
0.0
2.5
2.5
11.0
0.0
2.5
2.5
2.5
2.5
2.5
2.5
2.5
2.5
2.5
2.5
2.5
0.0
0.0
0.0
0.0
2.5
4.5
2.5
2.5
0.0
2.5
2.5
0.0
2.5
0.0
0.0
0.0
0.0
-2.5
2.5
0.0
4.0
2.5
3.5
-4.0
4.0
0.0
0.0
2.5
3.0
4.5
2.5
2.5
52.0
2.5
20.0
4.0
10.0
2.5
3.0
2.5
3.5
2.5
0.0
2.5
2.5
3.5
6.0
3.0
2.5
-2.5
2.5
2.5
3.0
2.5
3.0
4.0
2.5
4.0
5.0
2.5
2.5
2.5
2.5
3.0
3.5
2.5
2.5
2.5
2.5
0.0
0.0
0.0
3.0
3.5
9.5
3.0
16.5
-2.5
2.5
2.5
0.0
0.0
0.0
3.0
0.0
0.0
3.5
3.0
2.5
0.0
3.0
-2.5
2.5
0.0
2.5
-2.5
2.5
3.0
0.0
0.0
3.0
2.5
2.5
2.5
2.5
-2.5
2.5
0.0
2.5
2.5
0.0
3.0
3.0
0.0
0.0
0.0
2.5
0.0
0.0
4.0
4.5
52.0
3.5
2.5
2.5
5.5
2.5
5.5
11.5
2.5
3.0
0.0
-2.5
2.5
3.5
3.0
4.5
2.5
0.0
2.5
2.5
3.0
0.0
0.0
2.5
0.01
0.01
52.0
3.0
2.5
2.5
3.0
2.5
21.5
2.5
3.0
2.5
0.0
0.0
0.0
0.0
3.0
5.0
3.0
3.0
3.0
2.5
2.5
4.0
2.5
2.5
2.5
2.5
4.0
4.0
2.5
2.5
2.5
2.5
2.5
3.0
2.5
0.0
0.0
66.5
6.22
6.76
4.06
4.06
3.52
3.52
3.25
3.25
35.0
3.25
3.25
12.97
-2.5
2.5
2.5
-2.5
2.5
0.0
0.0
0.0
0.0
0.0
2.5
4.0
2.5
0.05
2.5
4.5
2.5
5.5
0.0
0.0
2.5
-2.5
2.5
0.0
0.0
0.0
2.5
0.0
0.0
0.0
3.0
0.0
2.5
2.5
0.0
4.0
2.5
0.0
0.0
0.0
2.5
2.5
0.0
0.0
0.0
0.0
0.0
2.5
2.5
2.5
2.5
2.5
0.0
0.0
2.5
2.5
4.5
2.5
0.0
0.0
0.0
0.0
2.5
3.5
2.5
0.0
2.5
3.0
0.0
0.0
2.5
2.5
2.5
2.5
5.0
4.5
4.5
4.5
2.5
6.0
2.5
10.0
5.0
5.5
2.5
5.0
4.0
4.0
2.5
-2.5
2.5
2.5
3.0
4.5
3.0
3.5
6.13
6.28
12.7
2.5
7.0
2.5
2.5
4.0
2.5
-2.5
2.5
2.5
2.5
2.5
2.5
2.5
2.5
-3.0
3.0
-2.5
2.5
-2.5
2.5
5.0
4.5
2.5
3.5
0.0
-3.0
3.0
-2.5
2.5
4.0
3.0
0.0
0.0
0.0
3.5
2.5
2.5
-0.05
0.05
2.5
2.5
0.0
0.0
3.5
2.5
2.5
5.0
2.5
2.5
2.5
0.0
0.0
0.05
2.5
2.5
2.5
2.5
2.5
0.0
0.0
0.0
4.5
-3.0
3.0
0.0
0.0
0.0
0.0
0.0
-0.05
0.05
0.0
0.0
2.5
4.0
25.5
2.5
0.0
2.5
3.0
0.0
0.0
2.5
2.5
2.5
0.0
-2.5
2.5
7.5
0.0
0.0
0.0
0.0
0.0
0.0
2.5
2.5
0.0
0.0
3.5
4.0
5.0
0.0
2.5
2.5
4.0
4.0
2.5
0.0
3.0
2.5
2.5
2.5
2.5
4.5
-2.5
2.5
3.0
3.0
2.5
2.5
0.0
3.0
2.5
2.5
4.0
2.5
-3.0
3.0
2.5
2.5
3.0
3.0
3.0
2.5
2.5
2.5
2.5
0.0
2.5
0.0
3.5
2.5
3.0
2.5
2.5
-3.0
3.0
2.5
3.5
0.0
0.0
0.0
0.0
0.0
0.0
0.0
0.0
2.5
5.5
2.5
3.5
0.0
2.5
4.0
3.5
0.0
2.5
4.5
2.5
3.0
5.0
3.5
4.0
0.0
0.0
10.0
-2.5
2.5
4.5
2.5
4.0
3.0
2.5
2.5
-2.5
2.5
2.5
2.5
2.5
0.0
0.0
0.0
2.5
2.5
-2.5
2.5
-2.5
2.5
2.5
0.0
0.0
0.0
-2.5
2.5
0.05
0.0
0.0
0.0
0.0
0.0
4.5
0.0
0.0
0.0
0.0
0.0
0.0
0.0
0.0
2.5
5.0
4.0
2.5
2.5
2.5
2.5
2.5
2.5
2.5
2.5
2.5
0.0
2.5
2.5
2.5
2.5
3.0
2.5
2.5
2.5
2.5
2.5
2.5
2.5
2.5
2.5
2.5
2.5
2.5
2.5
2.5
2.5
3.5
4.0
4.0
3.5
2.5
52.0
2.5
52.0
2.5
3.0
4.0
2.5
2.5
4.5
2.5
2.5
5.0
4.0
0.0
0.0
3.0
3.0
3.0
2.5
3.0
-2.5
2.5
3.0
2.5
2.5
0.0
0.0
0.0
-2.5
2.5
4.0
0.0
2.5
5.0
2.5
52.0
2.5
-2.5
2.5
0.0
0.0
2.5
2.5
4.0
4.0
3.5
0.0
2.5
2.5
4.5
0.0
0.0
2.5
2.5
2.5
2.5
2.5
0.0
0.0
0.0
-2.5
2.5
0.0
5.0
2.5
-2.5
2.5
-2.5
2.5
-2.5
2.5
0.0
0.0
0.0
0.0
0.0
0.0
3.0
-20.0
20.0
0.0
0.0
2.5
0.0
0.0
0.0
2.5
4.5
4.5
4.0
52.0
3.5
3.5
5.0
4.0
2.5
2.5
4.0
2.5
4.5
2.5
4.0
5.5
3.0
2.5
3.5
2.5
7.0
3.5
4.0
4.0
2.5
3.5
2.5
0.0
0.0
2.5
4.0
3.0
2.5
2.5
0.0
0.0
3.5
2.5
0.0
2.5
-2.5
2.5
0.0
2.5
2.5
11.5
3.0
3.0
-5.0
5.0
0.0
3.65
2.5
2.5
2.5
52.0
2.5
2.5
2.5
3.5
8.5
2.5
0.0
0.0
0.0
2.5
-2.5
2.5
2.5
2.5
-2.5
2.5
2.5
0.0
-2.5
2.5
0.0
5.0
0.0
3.0
9.0
2.5
2.5
0.0
0.0
0.0
0.0
2.5
0.0
0.0
0.0
0.0
0.0
2.5
2.5
2.5
2.5
2.5
2.5
0.0
3.0
2.5
4.5
28.91
0.0
0.0
4.0
2.5
0.0
0.0
0.0
3.0
3.5
2.5
5.5
5.0
-2.5
2.5
5.0
0.0
4.5
3.5
0.0
2.5
2.5
2.5
