TASK 1: sed
  1.) wc vendor2.csv
      2206417   6619251 272950834 vendor2.csv

  2.) head -10 no-separators.csv

  1.0,20190101 004640.000000,20190101 005320.000000,1.0,1.5,1.0,N,151.0,239.0,1.0,7.0,0.5,0.5,1.65,0.0,0.3,9.95,
  1.0,20190101 005947.000000,20190101 011859.000000,1.0,2.6,1.0,N,239.0,246.0,1.0,14.0,0.5,0.5,1.0,0.0,0.3,16.3,
  2.0,20181221 134830.000000,20181221 135240.000000,3.0,0.0,1.0,N,236.0,236.0,1.0,4.5,0.5,0.5,0.0,0.0,0.3,5.8,
  2.0,20181128 155225.000000,20181128 155545.000000,5.0,0.0,1.0,N,193.0,193.0,2.0,3.5,0.5,0.5,0.0,0.0,0.3,7.55,
  2.0,20181128 155657.000000,20181128 155833.000000,5.0,0.0,2.0,N,193.0,193.0,2.0,52.0,0.0,0.5,0.0,0.0,0.3,55.55,
  2.0,20181128 162549.000000,20181128 162826.000000,5.0,0.0,1.0,N,193.0,193.0,2.0,3.5,0.5,0.5,0.0,5.76,0.3,13.31,
  2.0,20181128 162937.000000,20181128 163343.000000,5.0,0.0,2.0,N,193.0,193.0,2.0,52.0,0.0,0.5,0.0,0.0,0.3,55.55,
  1.0,20190101 002128.000000,20190101 002837.000000,1.0,1.3,1.0,N,163.0,229.0,1.0,6.5,0.5,0.5,1.25,0.0,0.3,9.05,
  1.0,20190101 003201.000000,20190101 004539.000000,1.0,3.7,1.0,N,229.0,7.0,1.0,13.5,0.5,0.5,3.7,0.0,0.3,18.5,
  1.0,20190101 005732.000000,20190101 010932.000000,2.0,2.1,1.0,N,141.0,234.0,1.0,10.0,0.5,0.5,1.7,0.0,0.3,13.0,
  
TASK 2: awk
  1.) Commands:
      awk -F, 'NR > 1 && $14 > 10 {print $14}' ~/cs131/datasets/2019-01-h1.csv | sort -g | uniq -c | sort -gr > g10count.csv

           Using awk, searches column 14 (tip_amount) for values greater than 10,
           omitting the header. Sorts them, counts unique entries, and lists them
           in reverse.
       
      awk '{print $2, $1}' g10count.csv >> ws56.txt

            Using awk, swaps the count and value columns and appends them to this file.

11.71 15657
11.7 6495
10.56 4133
12.61 3380
14.64 3267
10.55 1803
12.6 1640
14.6 1311
13.2 948
12.0 890
15.0 812
15.76 777
11.46 754
17.57 728
20.0 598
11.0 538
11.45 469
13.15 372
15.75 336
17.55 320
10.26 311
15.84 307
10.14 287
10.52 257
10.76 252
10.02 238
10.89 204
13.0 199
10.39 195
10.2 188
10.01 185
10.1 184
11.26 182
10.05 182
10.25 180
11.76 178
18.92 175
10.11 174
10.5 173
10.16 169
10.8 161
10.64 161
12.16 155
15.8 152
25.0 151
10.21 148
12.76 147
14.32 145
10.7 145
10.35 144
10.36 143
10.31 143
10.08 139
10.4 137
10.95 136
14.0 135
10.06 134
10.82 133
12.26 132
10.86 130
10.46 128
11.96 124
10.51 124
10.65 123
12.02 122
13.16 121
10.6 121
10.45 121
11.86 119
10.85 119
10.66 118
11.25 116
11.1 116
11.02 112
10.41 112
11.64 111
10.15 110
11.15 109
10.54 107
11.85 105
11.14 103
10.75 102
30.0 100
11.39 99
10.67 98
18.0 96
11.11 95
11.06 95
11.66 94
10.3 94
11.2 93
11.75 90
10.96 90
11.16 89
12.66 86
12.06 86
12.05 86
11.12 85
10.61 85
14.16 84
13.06 84
10.97 84
18.9 83
14.3 82
11.36 82
11.27 82
10.81 82
11.57 81
12.32 79
11.55 79
11.01 79
12.15 78
11.52 78
10.07 78
13.76 77
10.22 77
10.71 76
10.44 76
11.67 75
11.42 75
11.72 74
11.32 73
10.32 73
10.91 72
12.65 71
11.35 71
10.58 71
13.05 70
11.5 70
10.37 69
12.39 68
12.45 65
12.2 65
11.87 65
11.3 65
12.5 64
17.0 63
11.6 62
11.4 62
12.17 61
11.95 61
11.56 61
11.44 61
10.9 61
17.19 60
16.0 59
10.29 59
11.9 58
11.89 58
11.65 58
16.16 57
14.06 57
12.86 57
12.56 57
12.47 57
12.14 57
12.95 56
11.05 56
11.08 55
13.26 54
14.7 53
13.96 53
12.85 53
15.2 52
22.0 51
14.26 51
13.95 51
17.15 50
13.86 50
12.92 50
12.62 50
10.59 50
12.77 49
12.75 49
12.64 49
12.25 49
11.8 49
13.7 48
13.07 48
16.06 47
14.05 47
11.58 47
11.31 47
14.46 46
12.3 45
13.52 44
12.96 44
12.7 44
11.82 44
11.21 44
15.95 43
12.08 43
40.0 42
13.66 42
16.45 41
12.46 41
10.74 41
14.45 40
13.45 40
13.14 40
12.1 40
11.94 40
16.26 39
15.05 39
14.36 39
12.52 39
50.0 38
14.76 38
14.56 38
13.82 38
13.8 38
13.32 38
12.35 38
11.61 38
15.36 37
15.16 37
15.06 37
12.8 37
12.36 37
11.41 37
11.51 36
16.56 35
15.66 35
14.95 35
14.82 35
11.81 35
16.65 34
15.55 34
15.26 34
14.2 34
12.9 34
12.89 34
14.86 33
13.65 33
13.56 33
13.25 33
12.55 33
11.49 33
11.04 33
18.16 32
15.96 32
13.5 32
13.1 32
12.09 32
17.06 31
16.66 31
15.56 31
14.66 31
14.65 31
14.55 31
13.46 31
12.82 31
11.79 31
11.19 31
16.46 30
15.86 30
14.15 30
12.11 30
12.01 30
11.34 30
21.0 29
17.16 29
15.15 29
13.89 29
18.06 28
17.45 28
13.67 28
13.58 28
13.22 28
12.84 28
17.2 27
13.85 27
13.55 27
13.35 27
12.58 27
12.24 27
12.21 27
16.96 26
16.76 26
15.46 26
14.25 26
13.44 26
13.37 26
16.36 25
16.05 25
15.45 25
13.59 25
12.54 25
16.15 24
15.82 24
13.74 24
13.4 24
11.91 24
20.16 23
17.46 23
16.75 23
15.65 23
15.08 23
14.96 23
14.58 23
14.12 23
13.91 23
13.11 23
12.4 23
17.26 22
16.95 22
13.08 22
13.02 22
13.01 22
12.71 22
28.0 21
17.05 21
16.86 21
16.25 21
14.85 21
13.6 21
13.29 21
35.0 20
18.95 20
17.36 20
15.5 20
13.97 20
13.75 20
20.06 19
18.66 19
18.26 19
18.15 19
17.76 19
15.77 19
15.32 19
15.25 19
14.8 19
14.21 19
14.08 19
17.7 18
15.7 18
14.19 18
14.1 18
13.31 18
12.99 18
12.69 18
12.41 18
12.31 18
19.26 17
17.86 17
17.66 17
16.85 17
16.7 17
16.55 17
16.35 17
16.2 17
15.35 17
15.3 17
14.35 17
13.9 17
13.64 17
18.05 16
17.96 16
15.47 16
15.24 16
14.75 16
14.72 16
13.39 16
12.51 16
60.0 15
23.0 15
21.2 15
19.0 15
15.11 15
15.02 15
14.42 15
14.34 15
13.3 15
20.2 14
20.15 14
20.05 14
19.16 14
17.65 14
15.85 14
14.87 14
14.4 14
13.61 14
20.45 13
18.76 13
17.56 13
16.58 13
15.9 13
14.27 13
14.02 13
13.36 13
12.81 13
10.88 13
20.7 12
19.36 12
18.25 12
17.32 12
16.89 12
16.32 12
16.3 12
14.11 12
13.81 12
13.21 12
12.88 12
12.57 12
45.0 11
33.0 11
20.3 11
18.65 11
18.46 11
18.36 11
18.32 11
18.2 11
17.95 11
17.82 11
17.58 11
17.5 11
17.3 11
16.82 11
16.44 11
15.69 11
15.31 11
15.21 11
15.17 11
14.94 11
14.57 11
14.5 11
14.41 11
14.04 11
12.44 11
11.77 11
26.0 10
24.16 10
22.26 10
20.66 10
20.32 10
19.7 10
19.14 10
18.96 10
18.85 10
18.7 10
18.56 10
18.45 10
17.31 10
16.14 10
15.58 10
15.09 10
14.9 10
14.79 10
14.14 10
14.01 10
13.71 10
100.0 10
10.62 10
30.16 9
21.7 9
21.45 9
20.96 9
20.95 9
20.08 9
19.86 9
19.65 9
19.56 9
19.45 9
19.32 9
19.2 9
18.82 9
18.75 9
18.39 9
18.35 9
18.24 9
17.94 9
17.6 9
16.59 9
15.4 9
15.39 9
14.91 9
13.51 9
80.0 8
70.0 8
28.16 8
27.0 8
24.0 8
22.15 8
21.95 8
21.65 8
21.24 8
20.8 8
20.55 8
19.06 8
19.05 8
18.86 8
18.58 8
17.85 8
17.75 8
17.1 8
17.08 8
16.9 8
16.8 8
16.6 8
16.4 8
16.08 8
16.02 8
15.61 8
15.54 8
14.52 8
14.51 8
13.41 8
32.0 7
22.66 7
22.5 7
22.46 7
22.2 7
22.16 7
21.06 7
20.9 7
19.95 7
19.46 7
19.21 7
18.55 7
18.5 7
17.25 7
16.22 7
16.07 7
15.99 7
15.1 7
14.39 7
38.0 6
30.24 6
30.06 6
30.05 6
28.26 6
27.26 6
25.2 6
23.95 6
22.25 6
22.05 6
21.9 6
21.8 6
21.16 6
21.15 6
20.75 6
20.65 6
20.56 6
20.36 6
20.26 6
19.96 6
19.76 6
19.55 6
19.52 6
19.25 6
17.44 6
17.42 6
17.4 6
17.39 6
17.34 6
16.64 6
16.31 6
16.21 6
15.71 6
15.62 6
15.01 6
14.89 6
14.71 6
14.61 6
14.31 6
13.93 6
13.57 6
12.91 6
12.22 6
11.07 6
47.0 5
42.0 5
37.0 5
32.16 5
29.0 5
28.46 5
25.8 5
25.06 5
24.69 5
24.31 5
24.06 5
24.05 5
23.96 5
23.7 5
23.45 5
23.05 5
22.9 5
22.85 5
22.8 5
22.7 5
22.55 5
22.36 5
22.08 5
21.82 5
21.55 5
21.35 5
21.3 5
21.09 5
21.02 5
20.82 5
20.64 5
20.46 5
20.4 5
19.9 5
19.89 5
19.8 5
19.74 5
19.59 5
19.44 5
19.4 5
19.3 5
19.08 5
18.8 5
18.3 5
18.09 5
18.08 5
17.64 5
17.35 5
17.21 5
17.14 5
16.74 5
16.67 5
16.61 5
16.1 5
15.88 5
15.6 5
15.44 5
15.14 5
10.72 5
10.27 5
10.09 5
72.0 4
55.0 4
44.0 4
37.14 4
32.26 4
30.56 4
30.26 4
30.2 4
28.06 4
27.7 4
26.45 4
26.16 4
25.74 4
25.7 4
25.56 4
25.25 4
25.05 4
24.76 4
24.54 4
24.2 4
23.76 4
23.41 4
23.3 4
23.26 4
23.08 4
22.95 4
22.82 4
22.3 4
22.22 4
22.06 4
21.81 4
21.75 4
21.71 4
21.66 4
21.4 4
21.31 4
21.25 4
21.1 4
21.08 4
21.05 4
200.0 4
20.58 4
20.51 4
20.5 4
20.34 4
19.75 4
19.66 4
19.58 4
19.31 4
19.15 4
18.99 4
18.68 4
18.51 4
18.48 4
18.42 4
18.4 4
18.1 4
18.02 4
18.01 4
17.89 4
17.87 4
17.8 4
17.79 4
17.71 4
17.52 4
17.24 4
17.12 4
17.02 4
16.52 4
16.5 4
16.39 4
16.29 4
16.24 4
150.0 4
15.92 4
15.91 4
15.81 4
15.64 4
15.52 4
15.51 4
15.42 4
14.81 4
14.49 4
13.94 4
13.72 4
12.94 4
12.73 4
12.67 4
12.12 4
11.97 4
11.88 4
11.33 4
11.22 4
10.92 4
10.49 4
10.47 4
10.17 4
90.0 3
75.0 3
65.0 3
62.0 3
59.0 3
54.0 3
45.08 3
39.86 3
39.0 3
36.0 3
35.66 3
33.16 3
32.05 3
31.31 3
31.0 3
30.8 3
30.55 3
30.31 3
30.21 3
30.08 3
28.91 3
28.74 3
28.14 3
28.05 3
27.84 3
27.41 3
27.24 3
27.2 3
27.16 3
27.15 3
27.06 3
26.96 3
26.94 3
26.56 3
26.49 3
26.26 3
26.06 3
25.5 3
25.31 3
25.16 3
24.84 3
24.81 3
24.8 3
24.66 3
24.55 3
24.35 3
24.26 3
23.9 3
23.81 3
23.8 3
23.75 3
23.65 3
23.55 3
23.4 3
23.36 3
23.32 3
23.19 3
23.04 3
22.97 3
22.76 3
22.32 3
21.96 3
21.84 3
21.58 3
21.5 3
21.39 3
21.32 3
21.26 3
20.91 3
20.6 3
20.35 3
20.21 3
20.18 3
20.04 3
20.01 3
19.85 3
19.64 3
19.5 3
19.41 3
19.35 3
19.29 3
19.22 3
19.1 3
18.88 3
18.81 3
18.64 3
18.6 3
18.54 3
18.44 3
18.17 3
17.98 3
17.9 3
17.81 3
17.51 3
17.41 3
17.22 3
16.91 3
16.71 3
16.62 3
16.51 3
16.48 3
16.37 3
16.18 3
16.11 3
16.01 3
15.89 3
15.18 3
14.92 3
14.44 3
13.33 3
120.0 3
12.34 3
12.27 3
12.18 3
110.0 3
11.69 3
11.23 3
11.18 3
10.94 3
10.87 3
10.77 3
10.48 3
10.33 3
10.24 3
10.04 3
10.03 3
88.0 2
82.0 2
80.08 2
66.7 2
58.0 2
57.0 2
56.0 2
55.85 2
55.71 2
55.55 2
52.0 2
50.2 2
50.05 2
46.76 2
45.16 2
43.95 2
43.81 2
41.76 2
41.5 2
40.74 2
40.32 2
40.05 2
38.2 2
38.16 2
38.06 2
37.85 2
37.8 2
37.55 2
36.26 2
36.16 2
36.15 2
36.1 2
36.09 2
36.05 2
36.02 2
35.8 2
35.5 2
35.16 2
35.05 2
34.7 2
34.2 2
34.11 2
34.05 2
34.0 2
33.86 2
33.4 2
33.26 2
33.2 2
33.08 2
33.05 2
32.81 2
32.66 2
32.56 2
32.45 2
32.36 2
31.85 2
31.71 2
31.5 2
31.45 2
31.44 2
31.41 2
31.32 2
31.26 2
31.06 2
30.91 2
30.7 2
30.52 2
30.35 2
30.11 2
30.09 2
29.7 2
29.66 2
29.6 2
29.55 2
29.46 2
29.31 2
29.28 2
29.06 2
29.02 2
28.86 2
28.76 2
28.71 2
28.7 2
28.66 2
28.5 2
28.32 2
28.02 2
27.99 2
27.96 2
27.86 2
27.85 2
27.81 2
27.75 2
27.66 2
27.46 2
27.31 2
27.27 2
27.01 2
26.81 2
26.8 2
26.79 2
26.76 2
26.75 2
26.64 2
26.34 2
26.2 2
25.95 2
25.89 2
25.82 2
25.75 2
25.59 2
25.58 2
25.44 2
25.36 2
25.22 2
25.14 2
24.96 2
24.85 2
24.77 2
24.61 2
24.51 2
24.4 2
24.32 2
24.15 2
24.11 2
24.1 2
24.01 2
23.82 2
23.71 2
23.66 2
23.46 2
23.35 2
23.34 2
23.31 2
23.21 2
23.2 2
23.16 2
23.15 2
23.06 2
22.89 2
22.88 2
22.75 2
22.74 2
22.61 2
22.6 2
22.58 2
22.57 2
22.48 2
22.44 2
22.4 2
22.39 2
22.29 2
22.21 2
22.11 2
22.1 2
21.91 2
21.85 2
21.57 2
21.56 2
21.54 2
21.46 2
21.37 2
21.21 2
21.18 2
21.14 2
20.94 2
20.79 2
20.76 2
20.72 2
20.47 2
20.41 2
20.31 2
20.25 2
20.24 2
20.14 2
20.12 2
20.02 2
19.98 2
19.97 2
19.84 2
19.81 2
19.72 2
19.67 2
19.23 2
19.07 2
19.01 2
18.84 2
18.78 2
18.69 2
18.38 2
18.21 2
17.99 2
17.91 2
17.84 2
17.74 2
17.72 2
17.68 2
17.59 2
17.49 2
17.38 2
17.28 2
17.27 2
17.07 2
17.04 2
16.94 2
16.68 2
16.49 2
16.41 2
16.27 2
16.17 2
16.04 2
15.97 2
15.94 2
15.93 2
15.79 2
15.74 2
15.72 2
15.53 2
15.41 2
15.34 2
140.0 2
14.98 2
14.78 2
14.37 2
14.28 2
13.98 2
13.77 2
13.54 2
13.24 2
12.97 2
12.87 2
12.59 2
12.49 2
12.48 2
12.43 2
12.37 2
12.13 2
12.07 2
112.0 2
11.93 2
11.74 2
11.73 2
11.62 2
11.37 2
10.93 2
10.84 2
10.69 2
10.57 2
99.99 1
98.88 1
98.0 1
97.2 1
94.59 1
92.0 1
91.48 1
90.8 1
90.09 1
88.9 1
88.48 1
85.0 1
83.13 1
83.0 1
82.16 1
80.88 1
787.25 1
78.5 1
75.7 1
74.7 1
74.64 1
73.62 1
72.15 1
71.96 1
71.41 1
71.2 1
71.0 1
70.72 1
70.4 1
70.16 1
69.77 1
68.54 1
67.59 1
66.14 1
63.56 1
63.2 1
63.06 1
63.0 1
60.24 1
60.16 1
59.39 1
59.33 1
59.06 1
58.84 1
58.58 1
58.55 1
58.46 1
58.41 1
58.16 1
57.5 1
56.74 1
56.21 1
56.2 1
56.16 1
56.05 1
55.82 1
55.76 1
55.46 1
55.25 1
55.06 1
55.05 1
54.76 1
54.56 1
54.35 1
54.16 1
54.11 1
54.09 1
54.03 1
53.3 1
53.06 1
52.98 1
52.7 1
52.55 1
51.81 1
51.75 1
51.45 1
51.31 1
51.25 1
51.0 1
50.79 1
50.68 1
50.66 1
50.5 1
50.41 1
50.35 1
50.31 1
50.08 1
50.06 1
49.82 1
49.31 1
49.11 1
49.06 1
48.82 1
48.8 1
48.6 1
48.48 1
48.41 1
48.32 1
48.21 1
48.11 1
48.06 1
48.05 1
48.0 1
47.64 1
47.45 1
47.27 1
47.21 1
47.2 1
47.16 1
47.06 1
46.77 1
46.7 1
46.45 1
46.02 1
46.01 1
46.0 1
45.95 1
45.87 1
45.75 1
45.68 1
45.5 1
45.28 1
45.25 1
45.24 1
45.09 1
45.05 1
44.8 1
44.79 1
44.56 1
44.5 1
44.44 1
44.41 1
44.4 1
44.26 1
44.2 1
43.9 1
43.76 1
43.41 1
43.4 1
43.16 1
43.11 1
43.0 1
421.0 1
42.65 1
42.62 1
42.55 1
42.51 1
42.35 1
42.31 1
42.26 1
42.2 1
42.11 1
41.86 1
41.3 1
41.21 1
41.19 1
41.06 1
41.0 1
400.0 1
40.96 1
40.94 1
40.86 1
40.6 1
40.56 1
40.4 1
40.36 1
40.31 1
40.2 1
40.08 1
40.06 1
39.75 1
39.66 1
39.6 1
39.56 1
39.51 1
39.5 1
39.39 1
39.3 1
39.24 1
39.2 1
38.89 1
38.86 1
38.82 1
38.8 1
38.72 1
38.65 1
38.55 1
38.27 1
38.25 1
38.1 1
38.01 1
37.91 1
37.82 1
37.7 1
37.64 1
37.59 1
37.4 1
37.29 1
37.16 1
37.15 1
37.08 1
36.96 1
36.95 1
36.91 1
36.9 1
36.86 1
36.64 1
36.54 1
36.51 1
36.48 1
36.46 1
36.33 1
36.29 1
36.25 1
36.2 1
36.14 1
36.11 1
36.08 1
35.96 1
35.92 1
35.9 1
35.89 1
35.76 1
35.7 1
35.65 1
35.64 1
35.56 1
35.55 1
35.46 1
35.45 1
35.28 1
35.13 1
34.9 1
34.83 1
34.82 1
34.81 1
34.8 1
34.76 1
34.74 1
34.67 1
34.58 1
34.46 1
34.45 1
34.44 1
34.39 1
34.21 1
34.14 1
34.1 1
34.06 1
333.33 1
33.98 1
33.97 1
33.95 1
33.7 1
33.63 1
33.5 1
33.33 1
33.32 1
33.31 1
33.24 1
33.14 1
33.1 1
33.06 1
32.96 1
32.91 1
32.86 1
32.82 1
32.8 1
32.7 1
32.69 1
32.55 1
32.49 1
32.46 1
32.1 1
32.06 1
31.98 1
31.96 1
31.91 1
31.89 1
31.86 1
31.82 1
31.74 1
31.66 1
31.64 1
31.61 1
31.6 1
31.56 1
31.55 1
31.46 1
31.4 1
31.39 1
31.36 1
31.27 1
31.2 1
31.14 1
31.08 1
31.01 1
30.99 1
30.96 1
30.95 1
30.89 1
30.86 1
30.84 1
30.71 1
30.69 1
30.65 1
30.62 1
30.61 1
30.51 1
30.46 1
30.44 1
30.38 1
30.36 1
30.15 1
30.03 1
296.7 1
29.89 1
29.82 1
29.81 1
29.79 1
29.75 1
29.72 1
29.67 1
29.57 1
29.56 1
29.5 1
29.36 1
29.34 1
29.29 1
29.26 1
29.21 1
29.2 1
29.16 1
29.1 1
29.08 1
29.04 1
29.01 1
28.96 1
28.95 1
28.85 1
28.81 1
28.8 1
28.69 1
28.65 1
28.59 1
28.58 1
28.52 1
28.45 1
28.42 1
28.3 1
28.25 1
28.22 1
28.2 1
27.95 1
27.92 1
27.9 1
27.89 1
27.8 1
27.77 1
27.76 1
27.71 1
27.64 1
27.55 1
27.54 1
27.5 1
27.48 1
27.45 1
27.39 1
27.35 1
27.33 1
27.09 1
27.05 1
26.95 1
26.92 1
26.86 1
26.85 1
26.73 1
26.7 1
26.66 1
26.65 1
26.6 1
26.55 1
26.36 1
26.32 1
26.31 1
26.3 1
26.25 1
26.23 1
26.15 1
26.12 1
26.11 1
26.08 1
26.07 1
26.02 1
26.01 1
25.97 1
25.91 1
25.85 1
25.78 1
25.77 1
25.76 1
25.71 1
25.66 1
25.65 1
25.61 1
25.6 1
25.53 1
25.52 1
25.51 1
25.46 1
25.41 1
25.3 1
25.26 1
25.15 1
25.1 1
25.08 1
25.02 1
246.0 1
24.95 1
24.92 1
24.91 1
24.9 1
24.89 1
24.88 1
24.7 1
24.68 1
24.65 1
24.58 1
24.56 1
24.52 1
24.5 1
24.49 1
24.46 1
24.45 1
24.39 1
24.36 1
24.27 1
24.24 1
24.21 1
24.09 1
24.02 1
23.91 1
23.85 1
23.79 1
23.73 1
23.64 1
23.61 1
23.6 1
23.58 1
23.56 1
23.52 1
23.5 1
23.42 1
23.39 1
23.27 1
23.25 1
23.24 1
23.07 1
23.03 1
23.01 1
222.22 1
220.0 1
22.99 1
22.98 1
22.81 1
22.78 1
22.71 1
22.67 1
22.65 1
22.59 1
22.56 1
22.52 1
22.45 1
22.42 1
22.31 1
22.27 1
22.17 1
22.14 1
22.02 1
212.5 1
212.0 1
21.99 1
21.98 1
21.94 1
21.92 1
21.86 1
21.77 1
21.72 1
21.69 1
21.68 1
21.64 1
21.52 1
21.47 1
21.44 1
21.42 1
21.22 1
21.13 1
21.12 1
21.11 1
21.01 1
208.0 1
203.0 1
202.0 1
20.92 1
20.86 1
20.81 1
20.78 1
20.74 1
20.71 1
20.61 1
20.57 1
20.53 1
20.52 1
20.49 1
20.48 1
20.42 1
20.27 1
20.22 1
20.11 1
20.1 1
20.09 1
19.94 1
19.92 1
19.91 1
19.82 1
19.73 1
19.71 1
19.61 1
19.51 1
19.48 1
19.43 1
19.39 1
19.37 1
19.33 1
19.28 1
19.27 1
19.24 1
19.19 1
19.13 1
19.12 1
19.11 1
19.04 1
19.02 1
18.94 1
18.89 1
18.77 1
18.72 1
18.67 1
18.62 1
18.61 1
18.52 1
18.41 1
18.34 1
18.28 1
18.27 1
18.18 1
18.11 1
177.54 1
17.93 1
17.88 1
17.78 1
17.67 1
17.61 1
17.54 1
17.48 1
17.18 1
17.17 1
17.11 1
17.09 1
17.01 1
163.33 1
16.99 1
16.97 1
16.92 1
16.83 1
16.53 1
16.38 1
16.34 1
16.19 1
16.13 1
16.12 1
16.09 1
159.0 1
15.83 1
15.78 1
15.59 1
15.49 1
15.38 1
15.37 1
15.33 1
15.29 1
15.27 1
15.22 1
15.19 1
15.12 1
15.04 1
149.3 1
145.0 1
141.0 1
14.99 1
14.97 1
14.93 1
14.84 1
14.74 1
14.68 1
14.63 1
14.62 1
14.59 1
14.38 1
14.33 1
14.29 1
14.22 1
14.18 1
14.07 1
14.03 1
134.0 1
13.92 1
13.88 1
13.87 1
13.83 1
13.79 1
13.78 1
13.63 1
13.49 1
13.48 1
13.47 1
13.28 1
13.23 1
13.18 1
13.17 1
13.13 1
13.12 1
13.04 1
123.0 1
12.79 1
12.74 1
12.42 1
12.33 1
12.29 1
12.04 1
116.0 1
115.7 1
115.0 1
111.1 1
11.99 1
11.98 1
11.92 1
11.84 1
11.83 1
11.78 1
11.68 1
11.53 1
11.48 1
11.38 1
11.17 1
11.13 1
11.09 1
105.0 1
101.0 1
100.46 1
10.99 1
10.98 1
10.83 1
10.78 1
10.53 1
10.28 1
10.13 1

 2). 20 most common tips in the entire dataset.
      Commands:
      awk -F, 'NR > 1 {print $14}' ~/cs131/datasets/2019-01-h1.csv | sort -g | uniq -c | sort -gr | head -20 > alltips.csv

           Grabs the tip amount column, sorts, counts unique tip amounts, sorts by largest
           first, and puts the top 20 into a temp file. To keep formatting of the counts
           consistent, I used awk to flip the columns like before.

      awk 'NR > 1 {print $2, $1}' >> ws56.txt

0.0 1197606
1.0 206290
2.0 98155
1.46 47962
1.56 47482
1.36 46758
1.66 45504
1.26 43497
1.76 43174
1.86 41210
1.5 39130
1.96 38381
1.16 37188
2.06 35855
1.95 33751
2.16 32716
1.55 32125
1.7 31874
1.45 31467
1.25 30079
